1.jpg 1 0 0 150 150
10.jpg 1 0 0 150 150
100.jpg 1 0 0 150 150
1000.jpg 1 0 0 150 150
1002.jpg 1 0 0 150 150
1003.jpg 1 0 0 150 150
1004.jpg 1 0 0 150 150
1005.jpg 1 0 0 150 150
1006.jpg 1 0 0 150 150
1008.jpg 1 0 0 150 150
1009.jpg 1 0 0 150 150
101.jpg 1 0 0 150 150
1010.jpg 1 0 0 150 150
1011.jpg 1 0 0 150 150
1012.jpg 1 0 0 150 150
1013.jpg 1 0 0 150 150
1014.jpg 1 0 0 150 150
1015.jpg 1 0 0 150 150
1016.jpg 1 0 0 150 150
1017.jpg 1 0 0 150 150
1018.jpg 1 0 0 150 150
1019.jpg 1 0 0 150 150
102.jpg 1 0 0 150 150
1020.jpg 1 0 0 150 150
1021.jpg 1 0 0 150 150
1022.jpg 1 0 0 150 150
1024.jpg 1 0 0 150 150
1025.jpg 1 0 0 150 150
1026.jpg 1 0 0 150 150
1027.jpg 1 0 0 150 150
1028.jpg 1 0 0 150 150
103.jpg 1 0 0 150 150
1031.jpg 1 0 0 150 150
1032.jpg 1 0 0 150 150
1034.jpg 1 0 0 150 150
1036.jpg 1 0 0 150 150
1038.jpg 1 0 0 150 150
104.jpg 1 0 0 150 150
1040.jpg 1 0 0 150 150
1041.jpg 1 0 0 150 150
1042.jpg 1 0 0 150 150
1043.jpg 1 0 0 150 150
1044.jpg 1 0 0 150 150
1047.jpg 1 0 0 150 150
1048.jpg 1 0 0 150 150
1050.jpg 1 0 0 150 150
1052.jpg 1 0 0 150 150
1053.jpg 1 0 0 150 150
1054.jpg 1 0 0 150 150
1055.jpg 1 0 0 150 150
1056.jpg 1 0 0 150 150
1057.jpg 1 0 0 150 150
1059.jpg 1 0 0 150 150
106.jpg 1 0 0 150 150
1061.jpg 1 0 0 150 150
1062.jpg 1 0 0 150 150
1063.jpg 1 0 0 150 150
1065.jpg 1 0 0 150 150
1066.jpg 1 0 0 150 150
1068.jpg 1 0 0 150 150
1069.jpg 1 0 0 150 150
107.jpg 1 0 0 150 150
1070.jpg 1 0 0 150 150
1072.jpg 1 0 0 150 150
1074.jpg 1 0 0 150 150
1075.jpg 1 0 0 150 150
1076.jpg 1 0 0 150 150
1077.jpg 1 0 0 150 150
1079.jpg 1 0 0 150 150
1080.jpg 1 0 0 150 150
1081.jpg 1 0 0 150 150
1082.jpg 1 0 0 150 150
1083.jpg 1 0 0 150 150
1084.jpg 1 0 0 150 150
1085.jpg 1 0 0 150 150
1086.jpg 1 0 0 150 150
1088.jpg 1 0 0 150 150
1089.jpg 1 0 0 150 150
109.jpg 1 0 0 150 150
1090.jpg 1 0 0 150 150
1091.jpg 1 0 0 150 150
1092.jpg 1 0 0 150 150
1095.jpg 1 0 0 150 150
1096.jpg 1 0 0 150 150
1097.jpg 1 0 0 150 150
1098.jpg 1 0 0 150 150
1099.jpg 1 0 0 150 150
11.jpg 1 0 0 150 150
110.jpg 1 0 0 150 150
1100.jpg 1 0 0 150 150
1101.jpg 1 0 0 150 150
1103.jpg 1 0 0 150 150
1105.jpg 1 0 0 150 150
1108.jpg 1 0 0 150 150
1109.jpg 1 0 0 150 150
111.jpg 1 0 0 150 150
1110.jpg 1 0 0 150 150
1111.jpg 1 0 0 150 150
1112.jpg 1 0 0 150 150
1114.jpg 1 0 0 150 150
1115.jpg 1 0 0 150 150
1116.jpg 1 0 0 150 150
1117.jpg 1 0 0 150 150
1118.jpg 1 0 0 150 150
1119.jpg 1 0 0 150 150
112.jpg 1 0 0 150 150
1121.jpg 1 0 0 150 150
1122.jpg 1 0 0 150 150
1123.jpg 1 0 0 150 150
1124.jpg 1 0 0 150 150
1125.jpg 1 0 0 150 150
1126.jpg 1 0 0 150 150
1127.jpg 1 0 0 150 150
1128.jpg 1 0 0 150 150
1129.jpg 1 0 0 150 150
113.jpg 1 0 0 150 150
1130.jpg 1 0 0 150 150
1131.jpg 1 0 0 150 150
1132.jpg 1 0 0 150 150
1133.jpg 1 0 0 150 150
1134.jpg 1 0 0 150 150
1135.jpg 1 0 0 150 150
1137.jpg 1 0 0 150 150
1138.jpg 1 0 0 150 150
1139.jpg 1 0 0 150 150
1140.jpg 1 0 0 150 150
1141.jpg 1 0 0 150 150
1142.jpg 1 0 0 150 150
1143.jpg 1 0 0 150 150
1146.jpg 1 0 0 150 150
1147.jpg 1 0 0 150 150
1149.jpg 1 0 0 150 150
115.jpg 1 0 0 150 150
1150.jpg 1 0 0 150 150
1151.jpg 1 0 0 150 150
1153.jpg 1 0 0 150 150
1154.jpg 1 0 0 150 150
1157.jpg 1 0 0 150 150
1158.jpg 1 0 0 150 150
1159.jpg 1 0 0 150 150
116.jpg 1 0 0 150 150
1160.jpg 1 0 0 150 150
1161.jpg 1 0 0 150 150
1166.jpg 1 0 0 150 150
1167.jpg 1 0 0 150 150
1168.jpg 1 0 0 150 150
1169.jpg 1 0 0 150 150
117.jpg 1 0 0 150 150
1171.jpg 1 0 0 150 150
1172.jpg 1 0 0 150 150
1173.jpg 1 0 0 150 150
1174.jpg 1 0 0 150 150
1175.jpg 1 0 0 150 150
1176.jpg 1 0 0 150 150
1177.jpg 1 0 0 150 150
1178.jpg 1 0 0 150 150
1179.jpg 1 0 0 150 150
118.jpg 1 0 0 150 150
1181.jpg 1 0 0 150 150
1182.jpg 1 0 0 150 150
1183.jpg 1 0 0 150 150
1184.jpg 1 0 0 150 150
1185.jpg 1 0 0 150 150
1186.jpg 1 0 0 150 150
1187.jpg 1 0 0 150 150
1188.jpg 1 0 0 150 150
1189.jpg 1 0 0 150 150
119.jpg 1 0 0 150 150
1190.jpg 1 0 0 150 150
1191.jpg 1 0 0 150 150
1192.jpg 1 0 0 150 150
1194.jpg 1 0 0 150 150
1195.jpg 1 0 0 150 150
1196.jpg 1 0 0 150 150
1197.jpg 1 0 0 150 150
1198.jpg 1 0 0 150 150
1199.jpg 1 0 0 150 150
12.jpg 1 0 0 150 150
120.jpg 1 0 0 150 150
1200.jpg 1 0 0 150 150
1201.jpg 1 0 0 150 150
1202.jpg 1 0 0 150 150
1203.jpg 1 0 0 150 150
1205.jpg 1 0 0 150 150
1206.jpg 1 0 0 150 150
1207.jpg 1 0 0 150 150
1208.jpg 1 0 0 150 150
1209.jpg 1 0 0 150 150
121.jpg 1 0 0 150 150
1210.jpg 1 0 0 150 150
1211.jpg 1 0 0 150 150
1212.jpg 1 0 0 150 150
1213.jpg 1 0 0 150 150
1214.jpg 1 0 0 150 150
1215.jpg 1 0 0 150 150
1216.jpg 1 0 0 150 150
1217.jpg 1 0 0 150 150
1218.jpg 1 0 0 150 150
1219.jpg 1 0 0 150 150
122.jpg 1 0 0 150 150
1221.jpg 1 0 0 150 150
1223.jpg 1 0 0 150 150
1227.jpg 1 0 0 150 150
1228.jpg 1 0 0 150 150
1229.jpg 1 0 0 150 150
123.jpg 1 0 0 150 150
1230.jpg 1 0 0 150 150
1231.jpg 1 0 0 150 150
1232.jpg 1 0 0 150 150
1233.jpg 1 0 0 150 150
1235.jpg 1 0 0 150 150
1237.jpg 1 0 0 150 150
1238.jpg 1 0 0 150 150
1239.jpg 1 0 0 150 150
124.jpg 1 0 0 150 150
1240.jpg 1 0 0 150 150
1241.jpg 1 0 0 150 150
1244.jpg 1 0 0 150 150
1245.jpg 1 0 0 150 150
1246.jpg 1 0 0 150 150
1247.jpg 1 0 0 150 150
125.jpg 1 0 0 150 150
1250.jpg 1 0 0 150 150
1253.jpg 1 0 0 150 150
1254.jpg 1 0 0 150 150
1257.jpg 1 0 0 150 150
1258.jpg 1 0 0 150 150
1259.jpg 1 0 0 150 150
126.jpg 1 0 0 150 150
1260.jpg 1 0 0 150 150
1261.jpg 1 0 0 150 150
1264.jpg 1 0 0 150 150
1265.jpg 1 0 0 150 150
1266.jpg 1 0 0 150 150
1267.jpg 1 0 0 150 150
1268.jpg 1 0 0 150 150
1269.jpg 1 0 0 150 150
127.jpg 1 0 0 150 150
1270.jpg 1 0 0 150 150
1271.jpg 1 0 0 150 150
1272.jpg 1 0 0 150 150
1273.jpg 1 0 0 150 150
1276.jpg 1 0 0 150 150
1277.jpg 1 0 0 150 150
1278.jpg 1 0 0 150 150
1279.jpg 1 0 0 150 150
128.jpg 1 0 0 150 150
1280.jpg 1 0 0 150 150
1282.jpg 1 0 0 150 150
1284.jpg 1 0 0 150 150
1286.jpg 1 0 0 150 150
1287.jpg 1 0 0 150 150
1288.jpg 1 0 0 150 150
129.jpg 1 0 0 150 150
1290.jpg 1 0 0 150 150
1291.jpg 1 0 0 150 150
1292.jpg 1 0 0 150 150
1293.jpg 1 0 0 150 150
1294.jpg 1 0 0 150 150
1296.jpg 1 0 0 150 150
1297.jpg 1 0 0 150 150
1298.jpg 1 0 0 150 150
1299.jpg 1 0 0 150 150
13.jpg 1 0 0 150 150
130.jpg 1 0 0 150 150
1300.jpg 1 0 0 150 150
1301.jpg 1 0 0 150 150
1302.jpg 1 0 0 150 150
1303.jpg 1 0 0 150 150
1304.jpg 1 0 0 150 150
1306.jpg 1 0 0 150 150
1308.jpg 1 0 0 150 150
1309.jpg 1 0 0 150 150
131.jpg 1 0 0 150 150
1310.jpg 1 0 0 150 150
1311.jpg 1 0 0 150 150
1313.jpg 1 0 0 150 150
1314.jpg 1 0 0 150 150
1316.jpg 1 0 0 150 150
1318.jpg 1 0 0 150 150
1319.jpg 1 0 0 150 150
132.jpg 1 0 0 150 150
1320.jpg 1 0 0 150 150
1322.jpg 1 0 0 150 150
1323.jpg 1 0 0 150 150
1324.jpg 1 0 0 150 150
1325.jpg 1 0 0 150 150
1326.jpg 1 0 0 150 150
1327.jpg 1 0 0 150 150
1329.jpg 1 0 0 150 150
133.jpg 1 0 0 150 150
1330.jpg 1 0 0 150 150
1331.jpg 1 0 0 150 150
1333.jpg 1 0 0 150 150
1334.jpg 1 0 0 150 150
1335.jpg 1 0 0 150 150
1337.jpg 1 0 0 150 150
1339.jpg 1 0 0 150 150
134.jpg 1 0 0 150 150
1340.jpg 1 0 0 150 150
1341.jpg 1 0 0 150 150
1342.jpg 1 0 0 150 150
1343.jpg 1 0 0 150 150
1345.jpg 1 0 0 150 150
1346.jpg 1 0 0 150 150
1347.jpg 1 0 0 150 150
1348.jpg 1 0 0 150 150
1349.jpg 1 0 0 150 150
135.jpg 1 0 0 150 150
1350.jpg 1 0 0 150 150
1351.jpg 1 0 0 150 150
1352.jpg 1 0 0 150 150
1354.jpg 1 0 0 150 150
1355.jpg 1 0 0 150 150
1356.jpg 1 0 0 150 150
1357.jpg 1 0 0 150 150
1358.jpg 1 0 0 150 150
1359.jpg 1 0 0 150 150
136.jpg 1 0 0 150 150
1360.jpg 1 0 0 150 150
1361.jpg 1 0 0 150 150
1362.jpg 1 0 0 150 150
1364.jpg 1 0 0 150 150
1365.jpg 1 0 0 150 150
1367.jpg 1 0 0 150 150
1369.jpg 1 0 0 150 150
137.jpg 1 0 0 150 150
1370.jpg 1 0 0 150 150
1373.jpg 1 0 0 150 150
1374.jpg 1 0 0 150 150
1375.jpg 1 0 0 150 150
1376.jpg 1 0 0 150 150
1377.jpg 1 0 0 150 150
1378.jpg 1 0 0 150 150
1379.jpg 1 0 0 150 150
138.jpg 1 0 0 150 150
1380.jpg 1 0 0 150 150
1381.jpg 1 0 0 150 150
1382.jpg 1 0 0 150 150
1383.jpg 1 0 0 150 150
1384.jpg 1 0 0 150 150
1386.jpg 1 0 0 150 150
1388.jpg 1 0 0 150 150
1389.jpg 1 0 0 150 150
1390.jpg 1 0 0 150 150
1392.jpg 1 0 0 150 150
1394.jpg 1 0 0 150 150
1397.jpg 1 0 0 150 150
14.jpg 1 0 0 150 150
1401.jpg 1 0 0 150 150
1402.jpg 1 0 0 150 150
1403.jpg 1 0 0 150 150
1404.jpg 1 0 0 150 150
1405.jpg 1 0 0 150 150
1406.jpg 1 0 0 150 150
1407.jpg 1 0 0 150 150
1408.jpg 1 0 0 150 150
141.jpg 1 0 0 150 150
1410.jpg 1 0 0 150 150
1412.jpg 1 0 0 150 150
1413.jpg 1 0 0 150 150
1414.jpg 1 0 0 150 150
1415.jpg 1 0 0 150 150
1416.jpg 1 0 0 150 150
1417.jpg 1 0 0 150 150
1418.jpg 1 0 0 150 150
1419.jpg 1 0 0 150 150
142.jpg 1 0 0 150 150
1420.jpg 1 0 0 150 150
1421.jpg 1 0 0 150 150
1422.jpg 1 0 0 150 150
1423.jpg 1 0 0 150 150
1424.jpg 1 0 0 150 150
1425.jpg 1 0 0 150 150
1426.jpg 1 0 0 150 150
1427.jpg 1 0 0 150 150
1428.jpg 1 0 0 150 150
1429.jpg 1 0 0 150 150
143.jpg 1 0 0 150 150
1430.jpg 1 0 0 150 150
1431.jpg 1 0 0 150 150
1432.jpg 1 0 0 150 150
1433.jpg 1 0 0 150 150
1434.jpg 1 0 0 150 150
1435.jpg 1 0 0 150 150
1436.jpg 1 0 0 150 150
1437.jpg 1 0 0 150 150
1438.jpg 1 0 0 150 150
144.jpg 1 0 0 150 150
1440.jpg 1 0 0 150 150
1441.jpg 1 0 0 150 150
1443.jpg 1 0 0 150 150
1445.jpg 1 0 0 150 150
1446.jpg 1 0 0 150 150
1447.jpg 1 0 0 150 150
1449.jpg 1 0 0 150 150
145.jpg 1 0 0 150 150
1450.jpg 1 0 0 150 150
1451.jpg 1 0 0 150 150
1452.jpg 1 0 0 150 150
1453.jpg 1 0 0 150 150
1454.jpg 1 0 0 150 150
1455.jpg 1 0 0 150 150
1456.jpg 1 0 0 150 150
1458.jpg 1 0 0 150 150
1459.jpg 1 0 0 150 150
146.jpg 1 0 0 150 150
1460.jpg 1 0 0 150 150
1461.jpg 1 0 0 150 150
1462.jpg 1 0 0 150 150
1463.jpg 1 0 0 150 150
1464.jpg 1 0 0 150 150
1465.jpg 1 0 0 150 150
1466.jpg 1 0 0 150 150
1467.jpg 1 0 0 150 150
147.jpg 1 0 0 150 150
1471.jpg 1 0 0 150 150
1472.jpg 1 0 0 150 150
1473.jpg 1 0 0 150 150
1474.jpg 1 0 0 150 150
1475.jpg 1 0 0 150 150
1476.jpg 1 0 0 150 150
1477.jpg 1 0 0 150 150
1478.jpg 1 0 0 150 150
148.jpg 1 0 0 150 150
1480.jpg 1 0 0 150 150
1481.jpg 1 0 0 150 150
1482.jpg 1 0 0 150 150
1483.jpg 1 0 0 150 150
1484.jpg 1 0 0 150 150
1485.jpg 1 0 0 150 150
1486.jpg 1 0 0 150 150
1487.jpg 1 0 0 150 150
1488.jpg 1 0 0 150 150
1489.jpg 1 0 0 150 150
149.jpg 1 0 0 150 150
1491.jpg 1 0 0 150 150
1492.jpg 1 0 0 150 150
1493.jpg 1 0 0 150 150
1494.jpg 1 0 0 150 150
1495.jpg 1 0 0 150 150
1496.jpg 1 0 0 150 150
1497.jpg 1 0 0 150 150
1498.jpg 1 0 0 150 150
1499.jpg 1 0 0 150 150
15.jpg 1 0 0 150 150
1500.jpg 1 0 0 150 150
1502.jpg 1 0 0 150 150
1503.jpg 1 0 0 150 150
1506.jpg 1 0 0 150 150
1508.jpg 1 0 0 150 150
1510.jpg 1 0 0 150 150
1511.jpg 1 0 0 150 150
1512.jpg 1 0 0 150 150
1514.jpg 1 0 0 150 150
1515.jpg 1 0 0 150 150
1519.jpg 1 0 0 150 150
152.jpg 1 0 0 150 150
1521.jpg 1 0 0 150 150
1522.jpg 1 0 0 150 150
1523.jpg 1 0 0 150 150
1524.jpg 1 0 0 150 150
1525.jpg 1 0 0 150 150
1528.jpg 1 0 0 150 150
1529.jpg 1 0 0 150 150
1530.jpg 1 0 0 150 150
1531.jpg 1 0 0 150 150
1532.jpg 1 0 0 150 150
1534.jpg 1 0 0 150 150
1535.jpg 1 0 0 150 150
1537.jpg 1 0 0 150 150
1538.jpg 1 0 0 150 150
1539.jpg 1 0 0 150 150
154.jpg 1 0 0 150 150
1540.jpg 1 0 0 150 150
1541.jpg 1 0 0 150 150
1543.jpg 1 0 0 150 150
1544.jpg 1 0 0 150 150
1546.jpg 1 0 0 150 150
1547.jpg 1 0 0 150 150
1548.jpg 1 0 0 150 150
155.jpg 1 0 0 150 150
1550.jpg 1 0 0 150 150
1551.jpg 1 0 0 150 150
1552.jpg 1 0 0 150 150
1553.jpg 1 0 0 150 150
1556.jpg 1 0 0 150 150
1558.jpg 1 0 0 150 150
156.jpg 1 0 0 150 150
1560.jpg 1 0 0 150 150
1561.jpg 1 0 0 150 150
1562.jpg 1 0 0 150 150
1563.jpg 1 0 0 150 150
1564.jpg 1 0 0 150 150
1565.jpg 1 0 0 150 150
1567.jpg 1 0 0 150 150
1568.jpg 1 0 0 150 150
1569.jpg 1 0 0 150 150
157.jpg 1 0 0 150 150
1570.jpg 1 0 0 150 150
1571.jpg 1 0 0 150 150
1573.jpg 1 0 0 150 150
1574.jpg 1 0 0 150 150
1577.jpg 1 0 0 150 150
1579.jpg 1 0 0 150 150
1580.jpg 1 0 0 150 150
1581.jpg 1 0 0 150 150
1582.jpg 1 0 0 150 150
1583.jpg 1 0 0 150 150
1584.jpg 1 0 0 150 150
1585.jpg 1 0 0 150 150
1586.jpg 1 0 0 150 150
1587.jpg 1 0 0 150 150
1588.jpg 1 0 0 150 150
1589.jpg 1 0 0 150 150
159.jpg 1 0 0 150 150
1590.jpg 1 0 0 150 150
1591.jpg 1 0 0 150 150
1592.jpg 1 0 0 150 150
1593.jpg 1 0 0 150 150
1595.jpg 1 0 0 150 150
1596.jpg 1 0 0 150 150
1597.jpg 1 0 0 150 150
1598.jpg 1 0 0 150 150
1599.jpg 1 0 0 150 150
16.jpg 1 0 0 150 150
160.jpg 1 0 0 150 150
1600.jpg 1 0 0 150 150
1603.jpg 1 0 0 150 150
1604.jpg 1 0 0 150 150
1608.jpg 1 0 0 150 150
1610.jpg 1 0 0 150 150
1611.jpg 1 0 0 150 150
1614.jpg 1 0 0 150 150
1617.jpg 1 0 0 150 150
1618.jpg 1 0 0 150 150
1619.jpg 1 0 0 150 150
162.jpg 1 0 0 150 150
1621.jpg 1 0 0 150 150
1622.jpg 1 0 0 150 150
1623.jpg 1 0 0 150 150
1624.jpg 1 0 0 150 150
1625.jpg 1 0 0 150 150
1626.jpg 1 0 0 150 150
1627.jpg 1 0 0 150 150
1631.jpg 1 0 0 150 150
1632.jpg 1 0 0 150 150
1633.jpg 1 0 0 150 150
1636.jpg 1 0 0 150 150
1638.jpg 1 0 0 150 150
164.jpg 1 0 0 150 150
1640.jpg 1 0 0 150 150
1643.jpg 1 0 0 150 150
1644.jpg 1 0 0 150 150
1652.jpg 1 0 0 150 150
1653.jpg 1 0 0 150 150
1654.jpg 1 0 0 150 150
1655.jpg 1 0 0 150 150
1656.jpg 1 0 0 150 150
1659.jpg 1 0 0 150 150
166.jpg 1 0 0 150 150
1660.jpg 1 0 0 150 150
1664.jpg 1 0 0 150 150
1665.jpg 1 0 0 150 150
1667.jpg 1 0 0 150 150
167.jpg 1 0 0 150 150
168.jpg 1 0 0 150 150
169.jpg 1 0 0 150 150
17.jpg 1 0 0 150 150
170.jpg 1 0 0 150 150
171.jpg 1 0 0 150 150
172.jpg 1 0 0 150 150
173.jpg 1 0 0 150 150
174.jpg 1 0 0 150 150
175.jpg 1 0 0 150 150
176.jpg 1 0 0 150 150
177.jpg 1 0 0 150 150
178.jpg 1 0 0 150 150
179.jpg 1 0 0 150 150
18.jpg 1 0 0 150 150
180.jpg 1 0 0 150 150
181.jpg 1 0 0 150 150
182.jpg 1 0 0 150 150
183.jpg 1 0 0 150 150
184.jpg 1 0 0 150 150
185.jpg 1 0 0 150 150
186.jpg 1 0 0 150 150
187.jpg 1 0 0 150 150
188.jpg 1 0 0 150 150
189.jpg 1 0 0 150 150
19.jpg 1 0 0 150 150
190.jpg 1 0 0 150 150
191.jpg 1 0 0 150 150
194.jpg 1 0 0 150 150
195.jpg 1 0 0 150 150
196.jpg 1 0 0 150 150
197.jpg 1 0 0 150 150
198.jpg 1 0 0 150 150
199.jpg 1 0 0 150 150
2.jpg 1 0 0 150 150
20.jpg 1 0 0 150 150
200.jpg 1 0 0 150 150
201.jpg 1 0 0 150 150
203.jpg 1 0 0 150 150
204.jpg 1 0 0 150 150
205.jpg 1 0 0 150 150
206.jpg 1 0 0 150 150
207.jpg 1 0 0 150 150
208.jpg 1 0 0 150 150
209.jpg 1 0 0 150 150
21.jpg 1 0 0 150 150
210.jpg 1 0 0 150 150
211.jpg 1 0 0 150 150
212.jpg 1 0 0 150 150
214.jpg 1 0 0 150 150
216.jpg 1 0 0 150 150
217.jpg 1 0 0 150 150
218.jpg 1 0 0 150 150
219.jpg 1 0 0 150 150
22.jpg 1 0 0 150 150
220.jpg 1 0 0 150 150
221.jpg 1 0 0 150 150
222.jpg 1 0 0 150 150
223.jpg 1 0 0 150 150
224.jpg 1 0 0 150 150
225.jpg 1 0 0 150 150
226.jpg 1 0 0 150 150
227.jpg 1 0 0 150 150
228.jpg 1 0 0 150 150
229.jpg 1 0 0 150 150
23.jpg 1 0 0 150 150
230.jpg 1 0 0 150 150
231.jpg 1 0 0 150 150
232.jpg 1 0 0 150 150
233.jpg 1 0 0 150 150
234.jpg 1 0 0 150 150
236.jpg 1 0 0 150 150
237.jpg 1 0 0 150 150
239.jpg 1 0 0 150 150
24.jpg 1 0 0 150 150
240.jpg 1 0 0 150 150
241.jpg 1 0 0 150 150
242.jpg 1 0 0 150 150
244.jpg 1 0 0 150 150
245.jpg 1 0 0 150 150
246.jpg 1 0 0 150 150
247.jpg 1 0 0 150 150
248.jpg 1 0 0 150 150
249.jpg 1 0 0 150 150
25.jpg 1 0 0 150 150
252.jpg 1 0 0 150 150
253.jpg 1 0 0 150 150
254.jpg 1 0 0 150 150
257.jpg 1 0 0 150 150
258.jpg 1 0 0 150 150
259.jpg 1 0 0 150 150
26.jpg 1 0 0 150 150
260.jpg 1 0 0 150 150
261.jpg 1 0 0 150 150
262.jpg 1 0 0 150 150
263.jpg 1 0 0 150 150
264.jpg 1 0 0 150 150
265.jpg 1 0 0 150 150
266.jpg 1 0 0 150 150
267.jpg 1 0 0 150 150
27.jpg 1 0 0 150 150
270.jpg 1 0 0 150 150
271.jpg 1 0 0 150 150
272.jpg 1 0 0 150 150
273.jpg 1 0 0 150 150
274.jpg 1 0 0 150 150
275.jpg 1 0 0 150 150
276.jpg 1 0 0 150 150
277.jpg 1 0 0 150 150
278.jpg 1 0 0 150 150
279.jpg 1 0 0 150 150
28.jpg 1 0 0 150 150
281.jpg 1 0 0 150 150
282.jpg 1 0 0 150 150
283.jpg 1 0 0 150 150
284.jpg 1 0 0 150 150
286.jpg 1 0 0 150 150
287.jpg 1 0 0 150 150
288.jpg 1 0 0 150 150
289.jpg 1 0 0 150 150
29.jpg 1 0 0 150 150
291.jpg 1 0 0 150 150
292.jpg 1 0 0 150 150
293.jpg 1 0 0 150 150
295.jpg 1 0 0 150 150
297.jpg 1 0 0 150 150
298.jpg 1 0 0 150 150
299.jpg 1 0 0 150 150
3.jpg 1 0 0 150 150
30.jpg 1 0 0 150 150
300.jpg 1 0 0 150 150
301.jpg 1 0 0 150 150
302.jpg 1 0 0 150 150
303.jpg 1 0 0 150 150
304.jpg 1 0 0 150 150
305.jpg 1 0 0 150 150
306.jpg 1 0 0 150 150
308.jpg 1 0 0 150 150
309.jpg 1 0 0 150 150
31.jpg 1 0 0 150 150
310.jpg 1 0 0 150 150
311.jpg 1 0 0 150 150
312.jpg 1 0 0 150 150
313.jpg 1 0 0 150 150
314.jpg 1 0 0 150 150
315.jpg 1 0 0 150 150
316.jpg 1 0 0 150 150
317.jpg 1 0 0 150 150
318.jpg 1 0 0 150 150
319.jpg 1 0 0 150 150
32.jpg 1 0 0 150 150
320.jpg 1 0 0 150 150
321.jpg 1 0 0 150 150
322.jpg 1 0 0 150 150
324.jpg 1 0 0 150 150
325.jpg 1 0 0 150 150
326.jpg 1 0 0 150 150
329.jpg 1 0 0 150 150
33.jpg 1 0 0 150 150
330.jpg 1 0 0 150 150
331.jpg 1 0 0 150 150
332.jpg 1 0 0 150 150
333.jpg 1 0 0 150 150
334.jpg 1 0 0 150 150
335.jpg 1 0 0 150 150
336.jpg 1 0 0 150 150
337.jpg 1 0 0 150 150
338.jpg 1 0 0 150 150
339.jpg 1 0 0 150 150
34.jpg 1 0 0 150 150
340.jpg 1 0 0 150 150
341.jpg 1 0 0 150 150
342.jpg 1 0 0 150 150
343.jpg 1 0 0 150 150
344.jpg 1 0 0 150 150
345.jpg 1 0 0 150 150
347.jpg 1 0 0 150 150
348.jpg 1 0 0 150 150
349.jpg 1 0 0 150 150
35.jpg 1 0 0 150 150
350.jpg 1 0 0 150 150
351.jpg 1 0 0 150 150
352.jpg 1 0 0 150 150
353.jpg 1 0 0 150 150
354.jpg 1 0 0 150 150
355.jpg 1 0 0 150 150
356.jpg 1 0 0 150 150
357.jpg 1 0 0 150 150
358.jpg 1 0 0 150 150
359.jpg 1 0 0 150 150
36.jpg 1 0 0 150 150
360.jpg 1 0 0 150 150
363.jpg 1 0 0 150 150
364.jpg 1 0 0 150 150
365.jpg 1 0 0 150 150
368.jpg 1 0 0 150 150
369.jpg 1 0 0 150 150
37.jpg 1 0 0 150 150
370.jpg 1 0 0 150 150
371.jpg 1 0 0 150 150
372.jpg 1 0 0 150 150
374.jpg 1 0 0 150 150
375.jpg 1 0 0 150 150
376.jpg 1 0 0 150 150
377.jpg 1 0 0 150 150
378.jpg 1 0 0 150 150
379.jpg 1 0 0 150 150
38.jpg 1 0 0 150 150
380.jpg 1 0 0 150 150
381.jpg 1 0 0 150 150
382.jpg 1 0 0 150 150
385.jpg 1 0 0 150 150
386.jpg 1 0 0 150 150
387.jpg 1 0 0 150 150
39.jpg 1 0 0 150 150
390.jpg 1 0 0 150 150
393.jpg 1 0 0 150 150
394.jpg 1 0 0 150 150
396.jpg 1 0 0 150 150
397.jpg 1 0 0 150 150
398.jpg 1 0 0 150 150
399.jpg 1 0 0 150 150
4.jpg 1 0 0 150 150
40.jpg 1 0 0 150 150
400.jpg 1 0 0 150 150
402.jpg 1 0 0 150 150
404.jpg 1 0 0 150 150
405.jpg 1 0 0 150 150
406.jpg 1 0 0 150 150
407.jpg 1 0 0 150 150
408.jpg 1 0 0 150 150
409.jpg 1 0 0 150 150
41.jpg 1 0 0 150 150
410.jpg 1 0 0 150 150
412.jpg 1 0 0 150 150
413.jpg 1 0 0 150 150
415.jpg 1 0 0 150 150
416.jpg 1 0 0 150 150
417.jpg 1 0 0 150 150
418.jpg 1 0 0 150 150
42.jpg 1 0 0 150 150
420.jpg 1 0 0 150 150
421.jpg 1 0 0 150 150
423.jpg 1 0 0 150 150
424.jpg 1 0 0 150 150
425.jpg 1 0 0 150 150
426.jpg 1 0 0 150 150
427.jpg 1 0 0 150 150
428.jpg 1 0 0 150 150
429.jpg 1 0 0 150 150
43.jpg 1 0 0 150 150
430.jpg 1 0 0 150 150
431.jpg 1 0 0 150 150
432.jpg 1 0 0 150 150
433.jpg 1 0 0 150 150
434.jpg 1 0 0 150 150
435.jpg 1 0 0 150 150
436.jpg 1 0 0 150 150
437.jpg 1 0 0 150 150
438.jpg 1 0 0 150 150
439.jpg 1 0 0 150 150
44.jpg 1 0 0 150 150
440.jpg 1 0 0 150 150
441.jpg 1 0 0 150 150
442.jpg 1 0 0 150 150
443.jpg 1 0 0 150 150
444.jpg 1 0 0 150 150
446.jpg 1 0 0 150 150
447.jpg 1 0 0 150 150
448.jpg 1 0 0 150 150
449.jpg 1 0 0 150 150
45.jpg 1 0 0 150 150
450.jpg 1 0 0 150 150
451.jpg 1 0 0 150 150
452.jpg 1 0 0 150 150
453.jpg 1 0 0 150 150
454.jpg 1 0 0 150 150
455.jpg 1 0 0 150 150
456.jpg 1 0 0 150 150
457.jpg 1 0 0 150 150
458.jpg 1 0 0 150 150
459.jpg 1 0 0 150 150
46.jpg 1 0 0 150 150
460.jpg 1 0 0 150 150
463.jpg 1 0 0 150 150
464.jpg 1 0 0 150 150
465.jpg 1 0 0 150 150
466.jpg 1 0 0 150 150
467.jpg 1 0 0 150 150
468.jpg 1 0 0 150 150
469.jpg 1 0 0 150 150
47.jpg 1 0 0 150 150
470.jpg 1 0 0 150 150
471.jpg 1 0 0 150 150
472.jpg 1 0 0 150 150
473.jpg 1 0 0 150 150
474.jpg 1 0 0 150 150
475.jpg 1 0 0 150 150
476.jpg 1 0 0 150 150
478.jpg 1 0 0 150 150
479.jpg 1 0 0 150 150
48.jpg 1 0 0 150 150
480.jpg 1 0 0 150 150
481.jpg 1 0 0 150 150
482.jpg 1 0 0 150 150
483.jpg 1 0 0 150 150
484.jpg 1 0 0 150 150
485.jpg 1 0 0 150 150
487.jpg 1 0 0 150 150
488.jpg 1 0 0 150 150
489.jpg 1 0 0 150 150
49.jpg 1 0 0 150 150
491.jpg 1 0 0 150 150
492.jpg 1 0 0 150 150
493.jpg 1 0 0 150 150
495.jpg 1 0 0 150 150
496.jpg 1 0 0 150 150
497.jpg 1 0 0 150 150
498.jpg 1 0 0 150 150
499.jpg 1 0 0 150 150
5.jpg 1 0 0 150 150
50.jpg 1 0 0 150 150
500.jpg 1 0 0 150 150
501.jpg 1 0 0 150 150
502.jpg 1 0 0 150 150
503.jpg 1 0 0 150 150
504.jpg 1 0 0 150 150
506.jpg 1 0 0 150 150
507.jpg 1 0 0 150 150
508.jpg 1 0 0 150 150
51.jpg 1 0 0 150 150
513.jpg 1 0 0 150 150
514.jpg 1 0 0 150 150
515.jpg 1 0 0 150 150
516.jpg 1 0 0 150 150
517.jpg 1 0 0 150 150
518.jpg 1 0 0 150 150
519.jpg 1 0 0 150 150
52.jpg 1 0 0 150 150
520.jpg 1 0 0 150 150
521.jpg 1 0 0 150 150
522.jpg 1 0 0 150 150
523.jpg 1 0 0 150 150
524.jpg 1 0 0 150 150
525.jpg 1 0 0 150 150
526.jpg 1 0 0 150 150
527.jpg 1 0 0 150 150
528.jpg 1 0 0 150 150
529.jpg 1 0 0 150 150
53.jpg 1 0 0 150 150
530.jpg 1 0 0 150 150
531.jpg 1 0 0 150 150
532.jpg 1 0 0 150 150
533.jpg 1 0 0 150 150
534.jpg 1 0 0 150 150
535.jpg 1 0 0 150 150
536.jpg 1 0 0 150 150
537.jpg 1 0 0 150 150
538.jpg 1 0 0 150 150
539.jpg 1 0 0 150 150
54.jpg 1 0 0 150 150
540.jpg 1 0 0 150 150
541.jpg 1 0 0 150 150
542.jpg 1 0 0 150 150
543.jpg 1 0 0 150 150
544.jpg 1 0 0 150 150
545.jpg 1 0 0 150 150
546.jpg 1 0 0 150 150
547.jpg 1 0 0 150 150
548.jpg 1 0 0 150 150
549.jpg 1 0 0 150 150
55.jpg 1 0 0 150 150
550.jpg 1 0 0 150 150
551.jpg 1 0 0 150 150
552.jpg 1 0 0 150 150
553.jpg 1 0 0 150 150
554.jpg 1 0 0 150 150
555.jpg 1 0 0 150 150
556.jpg 1 0 0 150 150
557.jpg 1 0 0 150 150
558.jpg 1 0 0 150 150
559.jpg 1 0 0 150 150
56.jpg 1 0 0 150 150
560.jpg 1 0 0 150 150
561.jpg 1 0 0 150 150
562.jpg 1 0 0 150 150
563.jpg 1 0 0 150 150
564.jpg 1 0 0 150 150
565.jpg 1 0 0 150 150
566.jpg 1 0 0 150 150
567.jpg 1 0 0 150 150
568.jpg 1 0 0 150 150
569.jpg 1 0 0 150 150
57.jpg 1 0 0 150 150
570.jpg 1 0 0 150 150
571.jpg 1 0 0 150 150
572.jpg 1 0 0 150 150
573.jpg 1 0 0 150 150
574.jpg 1 0 0 150 150
575.jpg 1 0 0 150 150
576.jpg 1 0 0 150 150
577.jpg 1 0 0 150 150
578.jpg 1 0 0 150 150
579.jpg 1 0 0 150 150
58.jpg 1 0 0 150 150
580.jpg 1 0 0 150 150
582.jpg 1 0 0 150 150
583.jpg 1 0 0 150 150
584.jpg 1 0 0 150 150
585.jpg 1 0 0 150 150
586.jpg 1 0 0 150 150
587.jpg 1 0 0 150 150
588.jpg 1 0 0 150 150
589.jpg 1 0 0 150 150
59.jpg 1 0 0 150 150
590.jpg 1 0 0 150 150
592.jpg 1 0 0 150 150
593.jpg 1 0 0 150 150
594.jpg 1 0 0 150 150
595.jpg 1 0 0 150 150
596.jpg 1 0 0 150 150
597.jpg 1 0 0 150 150
598.jpg 1 0 0 150 150
599.jpg 1 0 0 150 150
6.jpg 1 0 0 150 150
60.jpg 1 0 0 150 150
600.jpg 1 0 0 150 150
601.jpg 1 0 0 150 150
602.jpg 1 0 0 150 150
604.jpg 1 0 0 150 150
605.jpg 1 0 0 150 150
607.jpg 1 0 0 150 150
608.jpg 1 0 0 150 150
609.jpg 1 0 0 150 150
61.jpg 1 0 0 150 150
610.jpg 1 0 0 150 150
611.jpg 1 0 0 150 150
612.jpg 1 0 0 150 150
613.jpg 1 0 0 150 150
614.jpg 1 0 0 150 150
615.jpg 1 0 0 150 150
616.jpg 1 0 0 150 150
617.jpg 1 0 0 150 150
618.jpg 1 0 0 150 150
619.jpg 1 0 0 150 150
62.jpg 1 0 0 150 150
620.jpg 1 0 0 150 150
621.jpg 1 0 0 150 150
622.jpg 1 0 0 150 150
623.jpg 1 0 0 150 150
624.jpg 1 0 0 150 150
626.jpg 1 0 0 150 150
627.jpg 1 0 0 150 150
628.jpg 1 0 0 150 150
629.jpg 1 0 0 150 150
63.jpg 1 0 0 150 150
630.jpg 1 0 0 150 150
631.jpg 1 0 0 150 150
632.jpg 1 0 0 150 150
635.jpg 1 0 0 150 150
636.jpg 1 0 0 150 150
637.jpg 1 0 0 150 150
638.jpg 1 0 0 150 150
639.jpg 1 0 0 150 150
64.jpg 1 0 0 150 150
641.jpg 1 0 0 150 150
642.jpg 1 0 0 150 150
643.jpg 1 0 0 150 150
645.jpg 1 0 0 150 150
646.jpg 1 0 0 150 150
647.jpg 1 0 0 150 150
649.jpg 1 0 0 150 150
65.jpg 1 0 0 150 150
650.jpg 1 0 0 150 150
651.jpg 1 0 0 150 150
653.jpg 1 0 0 150 150
654.jpg 1 0 0 150 150
655.jpg 1 0 0 150 150
656.jpg 1 0 0 150 150
657.jpg 1 0 0 150 150
658.jpg 1 0 0 150 150
659.jpg 1 0 0 150 150
66.jpg 1 0 0 150 150
660.jpg 1 0 0 150 150
662.jpg 1 0 0 150 150
663.jpg 1 0 0 150 150
664.jpg 1 0 0 150 150
665.jpg 1 0 0 150 150
666.jpg 1 0 0 150 150
667.jpg 1 0 0 150 150
668.jpg 1 0 0 150 150
67.jpg 1 0 0 150 150
670.jpg 1 0 0 150 150
671.jpg 1 0 0 150 150
676.jpg 1 0 0 150 150
677.jpg 1 0 0 150 150
678.jpg 1 0 0 150 150
679.jpg 1 0 0 150 150
68.jpg 1 0 0 150 150
680.jpg 1 0 0 150 150
683.jpg 1 0 0 150 150
687.jpg 1 0 0 150 150
69.jpg 1 0 0 150 150
690.jpg 1 0 0 150 150
692.jpg 1 0 0 150 150
694.jpg 1 0 0 150 150
697.jpg 1 0 0 150 150
698.jpg 1 0 0 150 150
699.jpg 1 0 0 150 150
7.jpg 1 0 0 150 150
70.jpg 1 0 0 150 150
700.jpg 1 0 0 150 150
701.jpg 1 0 0 150 150
702.jpg 1 0 0 150 150
703.jpg 1 0 0 150 150
704.jpg 1 0 0 150 150
706.jpg 1 0 0 150 150
707.jpg 1 0 0 150 150
708.jpg 1 0 0 150 150
709.jpg 1 0 0 150 150
71.jpg 1 0 0 150 150
713.jpg 1 0 0 150 150
714.jpg 1 0 0 150 150
715.jpg 1 0 0 150 150
716.jpg 1 0 0 150 150
718.jpg 1 0 0 150 150
719.jpg 1 0 0 150 150
72.jpg 1 0 0 150 150
720.jpg 1 0 0 150 150
721.jpg 1 0 0 150 150
722.jpg 1 0 0 150 150
724.jpg 1 0 0 150 150
725.jpg 1 0 0 150 150
726.jpg 1 0 0 150 150
727.jpg 1 0 0 150 150
728.jpg 1 0 0 150 150
73.jpg 1 0 0 150 150
730.jpg 1 0 0 150 150
733.jpg 1 0 0 150 150
734.jpg 1 0 0 150 150
735.jpg 1 0 0 150 150
738.jpg 1 0 0 150 150
739.jpg 1 0 0 150 150
74.jpg 1 0 0 150 150
740.jpg 1 0 0 150 150
743.jpg 1 0 0 150 150
744.jpg 1 0 0 150 150
746.jpg 1 0 0 150 150
747.jpg 1 0 0 150 150
748.jpg 1 0 0 150 150
749.jpg 1 0 0 150 150
75.jpg 1 0 0 150 150
751.jpg 1 0 0 150 150
753.jpg 1 0 0 150 150
754.jpg 1 0 0 150 150
755.jpg 1 0 0 150 150
757.jpg 1 0 0 150 150
758.jpg 1 0 0 150 150
759.jpg 1 0 0 150 150
76.jpg 1 0 0 150 150
760.jpg 1 0 0 150 150
761.jpg 1 0 0 150 150
762.jpg 1 0 0 150 150
763.jpg 1 0 0 150 150
764.jpg 1 0 0 150 150
765.jpg 1 0 0 150 150
766.jpg 1 0 0 150 150
767.jpg 1 0 0 150 150
768.jpg 1 0 0 150 150
769.jpg 1 0 0 150 150
77.jpg 1 0 0 150 150
770.jpg 1 0 0 150 150
773.jpg 1 0 0 150 150
774.jpg 1 0 0 150 150
775.jpg 1 0 0 150 150
776.jpg 1 0 0 150 150
777.jpg 1 0 0 150 150
778.jpg 1 0 0 150 150
779.jpg 1 0 0 150 150
78.jpg 1 0 0 150 150
780.jpg 1 0 0 150 150
782.jpg 1 0 0 150 150
783.jpg 1 0 0 150 150
784.jpg 1 0 0 150 150
785.jpg 1 0 0 150 150
786.jpg 1 0 0 150 150
787.jpg 1 0 0 150 150
788.jpg 1 0 0 150 150
789.jpg 1 0 0 150 150
79.jpg 1 0 0 150 150
791.jpg 1 0 0 150 150
793.jpg 1 0 0 150 150
794.jpg 1 0 0 150 150
797.jpg 1 0 0 150 150
798.jpg 1 0 0 150 150
8.jpg 1 0 0 150 150
80.jpg 1 0 0 150 150
800.jpg 1 0 0 150 150
801.jpg 1 0 0 150 150
803.jpg 1 0 0 150 150
804.jpg 1 0 0 150 150
805.jpg 1 0 0 150 150
806.jpg 1 0 0 150 150
807.jpg 1 0 0 150 150
81.jpg 1 0 0 150 150
811.jpg 1 0 0 150 150
815.jpg 1 0 0 150 150
817.jpg 1 0 0 150 150
818.jpg 1 0 0 150 150
819.jpg 1 0 0 150 150
82.jpg 1 0 0 150 150
820.jpg 1 0 0 150 150
821.jpg 1 0 0 150 150
822.jpg 1 0 0 150 150
825.jpg 1 0 0 150 150
826.jpg 1 0 0 150 150
827.jpg 1 0 0 150 150
828.jpg 1 0 0 150 150
829.jpg 1 0 0 150 150
83.jpg 1 0 0 150 150
830.jpg 1 0 0 150 150
831.jpg 1 0 0 150 150
832.jpg 1 0 0 150 150
834.jpg 1 0 0 150 150
835.jpg 1 0 0 150 150
836.jpg 1 0 0 150 150
838.jpg 1 0 0 150 150
84.jpg 1 0 0 150 150
840.jpg 1 0 0 150 150
842.jpg 1 0 0 150 150
843.jpg 1 0 0 150 150
844.jpg 1 0 0 150 150
845.jpg 1 0 0 150 150
846.jpg 1 0 0 150 150
847.jpg 1 0 0 150 150
848.jpg 1 0 0 150 150
849.jpg 1 0 0 150 150
85.jpg 1 0 0 150 150
850.jpg 1 0 0 150 150
851.jpg 1 0 0 150 150
853.jpg 1 0 0 150 150
855.jpg 1 0 0 150 150
856.jpg 1 0 0 150 150
857.jpg 1 0 0 150 150
859.jpg 1 0 0 150 150
86.jpg 1 0 0 150 150
860.jpg 1 0 0 150 150
861.jpg 1 0 0 150 150
862.jpg 1 0 0 150 150
863.jpg 1 0 0 150 150
868.jpg 1 0 0 150 150
869.jpg 1 0 0 150 150
87.jpg 1 0 0 150 150
870.jpg 1 0 0 150 150
871.jpg 1 0 0 150 150
872.jpg 1 0 0 150 150
873.jpg 1 0 0 150 150
874.jpg 1 0 0 150 150
875.jpg 1 0 0 150 150
876.jpg 1 0 0 150 150
877.jpg 1 0 0 150 150
878.jpg 1 0 0 150 150
88.jpg 1 0 0 150 150
882.jpg 1 0 0 150 150
883.jpg 1 0 0 150 150
884.jpg 1 0 0 150 150
885.jpg 1 0 0 150 150
887.jpg 1 0 0 150 150
888.jpg 1 0 0 150 150
889.jpg 1 0 0 150 150
89.jpg 1 0 0 150 150
890.jpg 1 0 0 150 150
892.jpg 1 0 0 150 150
893.jpg 1 0 0 150 150
894.jpg 1 0 0 150 150
895.jpg 1 0 0 150 150
896.jpg 1 0 0 150 150
897.jpg 1 0 0 150 150
898.jpg 1 0 0 150 150
9.jpg 1 0 0 150 150
90.jpg 1 0 0 150 150
900.jpg 1 0 0 150 150
901.jpg 1 0 0 150 150
902.jpg 1 0 0 150 150
903.jpg 1 0 0 150 150
904.jpg 1 0 0 150 150
905.jpg 1 0 0 150 150
906.jpg 1 0 0 150 150
907.jpg 1 0 0 150 150
908.jpg 1 0 0 150 150
909.jpg 1 0 0 150 150
91.jpg 1 0 0 150 150
910.jpg 1 0 0 150 150
911.jpg 1 0 0 150 150
912.jpg 1 0 0 150 150
913.jpg 1 0 0 150 150
914.jpg 1 0 0 150 150
915.jpg 1 0 0 150 150
916.jpg 1 0 0 150 150
917.jpg 1 0 0 150 150
918.jpg 1 0 0 150 150
919.jpg 1 0 0 150 150
92.jpg 1 0 0 150 150
920.jpg 1 0 0 150 150
921.jpg 1 0 0 150 150
922.jpg 1 0 0 150 150
923.jpg 1 0 0 150 150
924.jpg 1 0 0 150 150
925.jpg 1 0 0 150 150
926.jpg 1 0 0 150 150
927.jpg 1 0 0 150 150
928.jpg 1 0 0 150 150
93.jpg 1 0 0 150 150
930.jpg 1 0 0 150 150
931.jpg 1 0 0 150 150
932.jpg 1 0 0 150 150
934.jpg 1 0 0 150 150
936.jpg 1 0 0 150 150
937.jpg 1 0 0 150 150
938.jpg 1 0 0 150 150
939.jpg 1 0 0 150 150
94.jpg 1 0 0 150 150
940.jpg 1 0 0 150 150
941.jpg 1 0 0 150 150
942.jpg 1 0 0 150 150
943.jpg 1 0 0 150 150
944.jpg 1 0 0 150 150
945.jpg 1 0 0 150 150
946.jpg 1 0 0 150 150
95.jpg 1 0 0 150 150
950.jpg 1 0 0 150 150
951.jpg 1 0 0 150 150
952.jpg 1 0 0 150 150
953.jpg 1 0 0 150 150
954.jpg 1 0 0 150 150
956.jpg 1 0 0 150 150
957.jpg 1 0 0 150 150
958.jpg 1 0 0 150 150
959.jpg 1 0 0 150 150
96.jpg 1 0 0 150 150
960.jpg 1 0 0 150 150
961.jpg 1 0 0 150 150
962.jpg 1 0 0 150 150
963.jpg 1 0 0 150 150
964.jpg 1 0 0 150 150
965.jpg 1 0 0 150 150
966.jpg 1 0 0 150 150
967.jpg 1 0 0 150 150
968.jpg 1 0 0 150 150
97.jpg 1 0 0 150 150
970.jpg 1 0 0 150 150
971.jpg 1 0 0 150 150
973.jpg 1 0 0 150 150
974.jpg 1 0 0 150 150
975.jpg 1 0 0 150 150
976.jpg 1 0 0 150 150
977.jpg 1 0 0 150 150
979.jpg 1 0 0 150 150
98.jpg 1 0 0 150 150
980.jpg 1 0 0 150 150
981.jpg 1 0 0 150 150
982.jpg 1 0 0 150 150
983.jpg 1 0 0 150 150
984.jpg 1 0 0 150 150
985.jpg 1 0 0 150 150
986.jpg 1 0 0 150 150
988.jpg 1 0 0 150 150
989.jpg 1 0 0 150 150
99.jpg 1 0 0 150 150
990.jpg 1 0 0 150 150
992.jpg 1 0 0 150 150
993.jpg 1 0 0 150 150
995.jpg 1 0 0 150 150
999.jpg 1 0 0 150 150
